function y = Manual_Interpolation(x)
    y = 3 + (x-0).*( 5 + (x-1.5).*( -0.2272727 + (x-5.5).*( ...
        0.0005316321 + (x-15).*( 0.0007009277 + (x-21).*( -0.0000527013 ) ) ) ) );
end